LV6:
424886 184816 264389 681232 622871 227443 
282831 463326 192224 947284 294948 322249
 
LV7:
6679661 4867787 4487813 1662787 2833292
6121186 2382299 6887677 3446123 1614322
1996868 1986168 2322231 2134643

LV8:
34416912 82471291 96833636 16364361 
23982921 81848133 37273444 13879428 62271947
96983498 87717686 46161718 26717883 26721277
46773676 46122931 46181691

LV9:
167669123 948813833 677418873 968431187 479672873 232323392 777736684 742141189 697183836 723338386 321136263 364961383 998696378 698691176 929821932 389463316 111623227 971623229 671164796

8LV
6483 9163 9164 2363 2912 9821 8364 4767 9621
9LV
37891 9493 6986 3211 93322 9833 3649 7233
10LV
9443 7319 1416 9918 9274 16231 1366 414 1632 4238 1479
11LV
3614 8279 1344 8988 3688 7889 6283 9342 2841 1967 68917
